# C++ cross-validation reference data
# Generated by tools/dump_crossval_states.py
#
# columns:
#   molecule R kind dim re0 im0 re1 im1 ... re(d-1) im(d-1) energy
#
# The Hamiltonian for a row is always
#   crossval_hamiltonians/<molecule>_R<R>.txt
# with R written exactly as in column 2. No special cases.
#
# energy is <psi|H|psi> recomputed from the state vector on this
# same line, so each row is self-consistent by construction.
# All doubles except R use %.17g. R uses %.4f as a lookup key.
#
# kind=vqe    : the state a converged VQE run produced
# kind=random : Haar-random complex state, seed 20260926
#
# molecule=ycomplex_* carries a synthetic Hamiltonian: the molecular
# one plus terms with an odd number of Y. Molecular Hamiltonians are
# real symmetric, and for a real H the expectation value is
# unchanged if the conjugation is applied to the wrong side --
# so those rows alone cannot catch that bug. These rows can.
h2 0.1000 vqe 4 -0.0027305458879570404 0 0.029820593941349602 -0.99893055457950042 0.010691519691246225 0.028383129186596346 0.0088782138028727312 -0.015565671446157279 2.7115698090360296
h2 0.2000 vqe 4 -8.6407771410358729e-05 0 0.018552005252531027 -0.99908888339764379 0.011581982571601363 0.031339246879378765 0.0094782840440450697 -0.016464814678016176 0.15916681091389218
h2 0.3000 vqe 4 -0.0011169614512065679 0 0.053187829534382183 -0.99743319165891764 0.0116932720050967 0.042276547479375572 0.011520319301780784 -0.015494467718087506 -0.60037617104356733
h2 0.4000 vqe 4 -0.0013563314306789017 0 -0.091319714882540551 -0.99404577612759903 0.0080038550893130923 0.054448622038467259 0.015031623470914576 -0.016649359127335905 -0.91338959872725678
h2 0.5000 vqe 4 -0.0029592523925393867 0 -0.082445241395009389 -0.99406297815974742 0.0087929909836307156 0.065793138393863151 0.015318298124710724 -0.019801930238728119 -1.0543439703986073
h2 0.6000 vqe 4 -0.0020197538964282311 0 -0.1929857682719055 -0.97722903121939264 0.023413217147145296 0.084971607419003434 0.0012128332657459666 0.0024516548754898388 -1.1161892776898297
h2 0.7000 vqe 4 0.0010575214298017609 0 -0.20614959162828933 -0.97291687714866115 0.034107454422144225 0.098443611023101188 0.0045376548458043601 0.0076762210289835868 -1.1358317140076397
h2 0.7300 vqe 4 -0.0022224428306644797 0 -0.1815325845625167 -0.97707831941427203 0.02247945474772943 0.10860981955512376 0.0030105007940926507 0.0069611289253672416 -1.1372296283028327
h2 0.8000 vqe 4 -0.0020608285407729466 0 -0.16760203400805546 -0.97782220155431665 0.027321084336661992 0.1223180851525784 0.0030339624168155463 0.0071897702944022351 -1.1340455569526675
h2 0.9000 vqe 4 0.00075734428718935386 0 -0.032635449714895202 -0.98828038070902724 0.0049806998759222556 0.14882632394704753 0.001893260383600399 0.0076535254250281468 -1.1205202198664044
h2 1.0000 vqe 4 0.0011803577568774452 0 0.0062135744758320269 -0.98449539170814815 -0.0011477155563584594 0.17487337906126371 0.0023877861992164791 0.011878740462823903 -1.1010671969497974
h2 1.1000 vqe 4 -0.0034776464688392674 0 -0.042049366659269026 -0.9773265830748662 0.0078682540901466817 0.20691440824651428 0.002615474868542193 0.013045469810567019 -1.0791001056577645
h2 1.2000 vqe 4 -0.00087538048108491532 0 -0.34253595898525785 0.90873388268208977 0.083669424016571459 -0.22328212417841264 0.0027791485478011794 -0.0028067449220077743 -1.0567341313519076
h2 1.3000 vqe 4 -0.0083262538375032027 0 0.6343100047642295 0.72186773231387402 -0.18356585127538907 -0.20616582906906633 0.016812541784434448 -0.0022441046353748927 -1.0351027554200776
h2 1.4000 vqe 4 -0.00011877801734619644 0 -0.094137574162017151 -0.94407835590827549 0.031092632307855646 0.31431141387041595 0.0015395903610867711 0.0096630179897101223 -1.0154327185854224
h2 1.5000 vqe 4 -0.001060663702132237 0 0.1125879750432454 -0.928119620513701 -0.042351754541213434 0.35218996994662677 0.00058843560357504433 0.0092195762099756395 -0.998120062897905
h2 1.6000 vqe 4 -0.004680568918602023 0 -0.17920546275562005 -0.90017654612435594 0.076242991341528177 0.38919658420966496 0.0077237864057420735 0.014108452613624646 -0.98339959390964782
h2 1.7000 vqe 4 -0.01345546270408092 0 -0.11651056956369067 0.89258795918162448 0.054799239739151039 -0.43155949160881485 0.016622682034067301 0.0028474191283867274 -0.97139263412772603
h2 2.0000 vqe 4 0.086126125363540321 0 -0.5158753477895891 -0.65770506962609288 0.32996418312419151 0.4204632489536666 -0.090298366030134913 -0.0077108162842942571 -0.94824136938171788
h2 2.5000 vqe 4 0.0024634185837945138 0 0.74820506405367959 -0.18422504798851075 -0.61808047421138335 0.15561350152489645 -0.00013030254182306683 -0.0022790239097886422 -0.936047824889367
h2 3.0000 vqe 4 -0.077611744990433926 0 0.70312267844876986 0.19378479488960282 -0.65268461687231338 -0.17600624501719825 0.069166571901556617 -0.016821037564208715 -0.93351349669327599
lih 0.1000 vqe 16 -0.00094403643009754773 0 -0.00084389624191247401 -0.00023914046279375375 0.010277217751791693 0.025380463476822834 -0.96232778143193431 -0.14992788322082667 0.0010605462246605882 0.002637894318480825 -0.000656683124210356 -0.00015557117589902559 0.22093139548713658 0.034103567967558451 -0.004946019437664026 -0.01211683673563421 -3.2691239238238983e-05 -0.004252999821234592 0.00085384912047373706 0.0012984156497707047 -0.00070289600035840498 -0.00078213569979858376 2.218070343645907e-05 0.0051906950645409511 0.014857579671660794 0.0037701034553024233 -0.00031326233146362621 -0.0026664323042852843 -0.0015358687750966242 -0.015730091701276656 0.00093057857944794204 -0.00069514399834246833 2.787557294594504
lih 0.5000 vqe 16 0.0074185102425586265 0 0.00062132885127279963 0.00077362250435643711 0.0082703774448020136 0.0013012399138704423 0.64260341770938711 0.75485791957759818 0.030627109811022506 0.03057321054210364 0.0008165165185969334 -0.00097997274515365142 -0.03796027487505748 -0.037195096077286695 0.060493998844666386 0.040974380946391969 0.00028224378798861387 2.6873973100718221e-05 1.7237321042784931e-05 1.6062555932077025e-05 6.7614206629068856e-05 0.0003453552756838812 2.058233462640547e-07 1.235564245360949e-05 -0.046308833381988053 -0.059258044675640491 -0.0014219045104554777 -0.0012885811927586149 0.032013817535478092 0.017708483959907404 0.0092382903110049801 -0.0018099833149315975 -7.0393316014826794
lih 0.8000 vqe 16 0.000845446541586843 0 0.00017891818583641838 -8.2538817864168075e-05 0.0002720367914614262 0.004804720689865186 0.87630772185498185 -0.46480145494600983 0.037327263262783773 -0.023397270344772021 -0.00075618934365588749 0.0013533081419901292 -0.016454171988998362 0.0038656396913507112 0.032991745377967834 -0.029985654039233742 -8.1652649959028774e-05 9.6781406870954907e-06 -2.6807386561286615e-05 -0.00012153972848635055 0.00017654342203133279 -0.0001230989284868568 -5.6030938186078329e-05 -8.7238124310700345e-05 -0.089848053128325139 0.050065578556266498 -0.0001313210875380266 -0.00030748278152522239 0.032233608208907888 -0.0072850588671428363 0.011511874205240634 8.1452900953083221e-05 -7.6306287626634095
lih 1.1000 vqe 16 0.00085071978251279501 0 1.9351565869165e-05 4.2538502499317715e-05 0.012327403720234149 0.003836864420247998 -0.063954420276001692 0.99125843927642432 -0.0048089500672567932 0.042056054606664804 -0.0022859394747339317 0.0052273326294468561 -0.0048828279118404185 -0.0067302505797482782 -0.0098777676522764559 0.014952595471936773 -2.3712917670043053e-05 -0.0003355589445249581 -7.8055418082638304e-05 -1.0632523054867553e-05 0.00032993606767924249 0.00022026793420713687 0.00021201590979528739 0.0012274264266100858 0.0088405849247175945 -0.097643788443124699 -0.0013500498523822489 0.0003123146367140908 0.0097882894616986276 0.033893715958127874 -0.0083817208242160986 -0.0018405936319635895 -7.8230693986726587
lih 1.3000 vqe 16 -0.0001596283832621146 0 9.6293414989699933e-05 0.00025716170588227565 -0.0096063074642756766 -0.003406520577426611 0.30394633954533801 -0.94432752760737382 0.01918971247043259 -0.042335106183875204 -0.0043974023052508471 0.0018357561929876174 0.0044488988720777943 0.018526547137059306 0.026688908356118108 -0.030154552378453069 -0.00010837202575799311 -0.00011469502591791067 2.3967749184097365e-05 0.0001294298180580786 -0.00014985461872464909 4.9325243764616178e-05 -0.00022135642049855739 -0.00025887909322055102 -0.032885898869253465 0.093738278818721557 0.00093320574791511395 -0.00030362524750167114 0.0027562919948793505 -0.038556941826501379 0.010448700690059666 -0.010836015107186701 -7.8670235970939011
lih 1.4000 vqe 16 -0.0032843747639830631 0 0.00098459555893340303 0.00034467617851309599 0.0052770132255257271 0.0048490078145062895 -0.44167972637244451 0.88769353229778125 -0.017638293191370225 0.046783333533992534 0.00074813803098220202 -0.0012168166614274828 0.014229532794484745 -0.012560311467002188 -0.00029410293855397106 0.037255800176115163 -0.00017844326823630488 -8.9578601347193302e-05 3.5360313463001467e-05 -2.981755777567323e-05 -2.6762269561895929e-05 -0.00020325850483617061 -6.1138847122825456e-05 -1.1136214016488975e-05 0.048140378021926111 -0.092154315546951748 -0.00074151411367043491 0.00022622123002588435 -0.01419778888879613 0.03867066296372762 0.0098630510191441059 -0.00097199878513371039 -7.8765705895617764
lih 1.5000 vqe 16 -0.00050443789956750474 0 -8.9939910507913064e-05 0.00010899037012951247 0.0038254267633438806 -0.00045907840814514818 0.1272816999033656 -0.98240911617092408 0.01209278608865229 -0.046798964136335643 -0.0038479359691235174 0.0058848798872288442 0.001071459600855451 0.029078071618080643 0.027269272937155409 -0.016478205713045733 -0.00014330949093973862 -0.00014337077332968252 -0.00012327828750134201 -3.6770002378260148e-05 0.00032066268191318368 -0.00023370669025116485 0.00011934660011914827 4.5636196842628712e-05 -0.013034723137711571 0.10874601091863309 0.0004342353898554648 -0.00075288581226860287 0.006501183110057024 -0.046607694822972591 0.014053628057639749 0.00054933684450210061 -7.8805236593194845
lih 1.5500 vqe 16 -0.0076310897814865081 0 0.0010157135926854774 0.00020311545453493879 0.0068121552820028641 0.022953208510088353 -0.75529907874160862 0.63816576961272942 -0.047368665423956097 0.02886668123092611 -0.00029005194536099868 0.0010028129620130769 0.011178784655327569 -0.022069152968221564 -0.049774195793211573 0.0024204039428677247 0.00025710270274693648 0.0002854723581832683 -1.1755882059967045e-05 -7.7007202180314564e-06 -3.0354689280355508e-05 0.00041775901822260558 -0.0001232272083072113 0.00015191439026262924 0.086041954518565056 -0.071638583976234391 -0.00052741478928335843 0.00041314821169961309 -0.034342135854883139 0.040752210474385243 0.0073460721419724264 0.00561057313288641 -7.8809902116312971
lih 1.6000 vqe 16 0.0015137017261081895 0 3.8090106317510091e-06 -5.6608855428403891e-05 -0.0096016510570040396 -0.013048338264158405 0.49974942191757815 -0.85342113117434037 0.033449621423761788 -0.046159332652715157 -0.0031718677915454209 0.0021631060914494957 -0.0073487493174236055 0.027680137770575878 0.034266371506485753 -0.0076044439847166917 7.1615986442046717e-07 -1.5429239138002055e-05 -5.8946845836927384e-06 1.2756644428153934e-05 1.6582205884422986e-05 6.7404728776612514e-06 -1.7942041954543694e-06 6.9806547906810158e-06 -0.058998718029992465 0.10117826069457367 -3.75259897867433e-05 0.00011295706425465269 0.01945116588450806 -0.044347452987258271 0.015099047059193002 -0.0071208244575475151 -7.8806012923215683
lih 1.7000 vqe 16 -0.0058301940878950258 0 -0.0016192335166024163 -0.00025378526661025375 -0.0084923568370145457 0.0029406968418095318 -0.52155455763637604 -0.83758023378288438 -0.032158182895500778 -0.058927789637698541 0.00023749942696960796 0.00022775983762778271 0.020976623550912756 0.024850501831237156 -0.0082409972481953704 -0.04279236076197581 -0.00010437976845944431 -0.00010540615787011418 6.0218497171466788e-05 0.00013556997102646157 -1.7422166098420655e-05 -2.4562720745131854e-05 2.1498139108331399e-06 -1.0391867817566798e-05 0.066266939127579583 0.10620847531635065 -7.91399866035925e-05 -0.00022359360401262452 -0.031474699056610184 -0.044095904980715125 0.010511514854085044 -0.011920407893163084 -7.8778718440877187
lih 1.8000 vqe 16 -0.00070742402756182219 0 0.00019506254360699237 5.4854512261950883e-05 -0.016386378828423486 -0.0090464028015318273 -0.69352472525398201 0.69829355847261021 -0.046031877724444142 0.056812344878286701 0.00084454092991131989 0.00056940395198704378 0.029647768017771036 -0.018794461909891775 -0.0088655656483738743 0.047001463716821713 -7.5791044107746731e-05 -9.7288356362611818e-05 1.704992442364486e-05 -9.8399332257236458e-05 5.194762334111122e-05 0.00022203255030537271 -1.8155269519696923e-05 1.7851953887744775e-05 0.094994227463575706 -0.095236945983461926 -0.0007086390682473411 -6.7358404492490258e-05 -0.047924769902716477 0.040149501982007181 -0.012419326696763247 0.005790367314901841 -7.8729872495991913
lih 2.2000 vqe 16 0.00955909181395493 0 7.2134980822952097e-05 0.00099189988383597085 0.052013382326262403 -0.052730071660476129 0.59982620801209696 -0.75249513797662648 0.073976895147360708 -0.086513169673844412 0.0019763201944752468 0.0011472137635785314 -0.053526872727267208 0.064375280135219912 0.055744990999613914 -0.029802133927752748 -2.6978764358286214e-05 3.6398185037144189e-05 1.1305683663605834e-05 -4.3486347562981578e-06 -9.0703523613818227e-05 -0.00065131004281042057 -0.00019464926483857441 -7.8697027003463114e-05 -0.10637267282410691 0.13785441006145124 -1.4763519392942015e-05 6.0336754499465539e-06 0.075042312199214589 -0.091561883926938384 0.0018480790690187099 -0.0087326309083557707 -7.8447549276333932
lih 2.8000 vqe 16 -0.041538085396991366 0 -0.0038559648366504728 -0.0064179211490440671 0.093358455924429762 0.062074041299332465 0.86264079992126519 0.19466286020992302 -0.21607412501449041 -0.040604801631966433 -0.00096142310998953635 0.00023383452889832115 -0.2124863597432087 -0.053558991371574535 0.16043004834608018 0.013427828489565474 -6.6605338268059752e-05 1.17700382563296e-05 -3.2491236486980553e-06 -3.2642365310706062e-06 2.4184295949716705e-06 4.4855461671656305e-06 -7.4023632076116984e-05 -7.1789245967628955e-05 -0.1935706246519058 -0.040492176043711081 -7.2791934014617739e-05 3.7187286340944704e-05 -0.19671799479496754 -0.055909469021993341 -0.0043688483142237632 -0.019486674374248451 -7.8060112505298713
lih 3.4000 vqe 16 0.098821863608437241 0 -0.00022422497208434835 -0.00017550204671372036 -0.064438229248366383 0.0085313865406512722 -0.78785225023201599 0.0029114831005061102 0.25954158737389543 0.00039286386379006895 8.0231793434571095e-05 -0.00029935282586885856 0.42227274237788942 -0.0035267349649626407 -0.2279735118141597 -0.0011459472643909926 -2.2711105453515918e-05 -3.7088287146560646e-09 2.9412433197277275e-06 -1.4724158730196891e-05 -4.2927789598200992e-06 -5.9026580627189137e-07 -3.4850634018600086e-05 4.6644679550197112e-06 0.12468837469489269 0.00077133157085119313 0.00098300369527716666 0.00028685609900852939 0.22714144242468376 -0.00089635435823471178 0.020929420835607997 -0.0068190882151528097 -7.7889090263637693
random_d4 0.7300 random 4 0.35813867564552809 0.57586485801526888 0.20483129126601904 0.20376683276567809 -0.41198079745616673 -0.405760196213029 -0.34550235541972457 0.053834769330131371 -0.22086713636168087
random_d4 0.7300 random 4 0.075542241368951532 -0.017477259601663474 0.84804597665232784 -0.30771556699893343 -0.070099474975024709 0.047571096249782195 0.12364133913420496 -0.39705533637393142 -0.98707411090273833
random_d4 0.7300 random 4 -0.36778266062945253 -0.17049322454248783 -0.19749508045452191 0.4493789018052074 0.30001340377483221 0.45942990512086279 -0.49569598627510075 0.21891523419091463 -0.17162665028931384
random_d4 0.7300 random 4 0.10250869895846615 0.044139510969959134 -0.012966802158807567 -0.67518064242851816 -0.59098867719442216 0.036289008987741594 0.34423962260402147 -0.24984236195024845 -0.40135267633430888
random_d4 0.7300 random 4 -0.088769578593811516 0.31369569573563355 0.55676648444997034 -0.18048425436031673 -0.14920353947473233 0.036509943394051989 0.31445157377082028 -0.65473431535934112 -0.70195452974161043
random_d16 1.5500 random 16 0.19391130548837865 0.15407812307653895 -0.073195903449583516 -0.1241419552051832 -0.44376703763358977 0.19631467862168886 -0.14297013506913825 -0.11237526735504509 0.3619169813104412 0.16400364238153206 -0.050237652049412905 -0.3883188537834279 0.055330164113372965 -0.010720581039471218 0.16300111210989687 -0.022990453754409935 0.051410688685107113 0.22838807361523297 -0.31492474429675132 0.040558705764028452 -0.030965028656903659 -0.087768677536665257 0.01468781731075435 0.17161844084379532 0.059779146559031458 -0.15796370994564937 -0.033959583927086652 -0.1467358443211764 -0.010547759317238226 0.057979670328130992 -0.015996730314590531 0.24286691936374588 -7.0111478024912337
random_d16 1.5500 random 16 0.073023380913533595 0.12384907248029817 -0.0032427377394142159 -0.093156315631630363 -0.51231042651824321 0.052872279822272189 -0.29223047545333525 0.090740891268696749 -0.12994387830239895 0.00095056554975506179 -0.059367877148755473 -0.078182375714761387 0.029984229208571616 0.038228934770195955 0.34541572655970204 0.0089659532871801673 0.088811403016749793 -0.27657823463392256 0.062250731232589764 -0.23914837527770974 0.060951486054547623 0.28572388761739026 -0.063852095545557694 -0.28525830281919329 -0.0078747632138770254 0.18292275569038779 -0.20656396215371417 0.07334836878825754 0.18785938889005846 0.14197666085485913 -0.099361764209724535 0.018130801850010102 -7.1125752197126832
random_d16 1.5500 random 16 -0.045348211661432623 -0.051486780035113582 -0.016315058735385298 0.16323679466340973 0.26815311062832436 -0.22531777795723545 0.22151772569692665 -0.26338043069813222 0.092817950943527822 0.066371381703436108 0.16907797138452205 0.10946852297564852 0.060593425696031329 -0.11038492721404572 0.38139115136392276 -0.30080629085641758 -0.32275382715714884 0.017508774004888837 0.079868458009939469 0.087227021819389711 -0.097302190163789437 -0.20802355530549149 -0.22446699136943038 0.02824670230496408 -0.34455946417396377 -0.10971209753247609 0.084952557189567512 -0.13803089927070425 0.047172608864615516 -0.079008181003993913 -0.1622580936106704 -0.087544187443726773 -7.2288963468009424
random_d16 1.5500 random 16 -0.15375876745831696 -0.3050871041402845 -0.032426652064431155 0.25125818940626377 0.4293094528943277 -0.004006776171246596 0.23782795052483036 0.29538733533724854 -0.0039600057999294872 -0.046779804783220622 0.05186383199617884 0.127276406573227 -0.040588240790000459 -0.016113773291214946 0.079953935971294327 0.24297933033923291 0.10643585884148526 0.085341082342713259 0.097825320519509901 -0.025751431893713515 0.1255699212488548 0.11055119806012688 -0.21559220506841031 -0.034699043634894962 0.18018754634198766 0.061392489588045378 -0.035647727329527035 -0.13199913577932562 -0.2145485501575331 0.20358669821579725 0.33612515151836875 -0.2064455459553525 -7.3398676016827418
random_d16 1.5500 random 16 -0.18727534614376104 -0.025270823585316401 0.10156782235435687 0.16602603364831051 0.29424879993785674 0.14267029367743667 0.034525580571849998 -0.16058054502872104 0.24651359485597388 0.45423606532895738 -0.010839809272746682 -0.010845501852243936 -0.094255642574210041 -0.16347791162647599 0.25504782960648603 0.09263108204700736 -0.24413939688455047 0.1637807657287807 -0.2775843139732469 0.14906851979561708 0.10089701939056371 0.096136330271586273 0.16029014836067143 -0.037758136942081161 0.08742955261873013 0.21363062048444068 0.15556041675988719 0.047789199670905565 -0.18529665710964738 -0.069229273598340357 -0.024830215771553539 -0.25331254673162612 -6.9903630832040511
ycomplex_d4 0.7300 random 4 -0.049713797888032284 0.66671282592816128 -0.018718367826813301 -0.010052816278313174 0.40848413598387884 0.51638323015069976 0.010215867381054332 -0.34489971869442571 -0.2436413964427713
ycomplex_d4 0.7300 random 4 -0.20435659801765815 0.38075057671138024 0.40763895501728981 0.38653847314745982 -0.14894773693067745 -0.64586169683822314 -0.2327666983955092 0.064674373969740545 -0.4343088978179318
ycomplex_d4 0.7300 random 4 0.53549377105918827 0.4354909034816693 0.11534479847515258 0.50311161977454188 0.42491879832367474 0.10741557679346433 -0.25506617959401506 -0.0039398445017351678 -0.50297325566645346
ycomplex_d4 0.7300 random 4 0.26767860865748888 0.31852983331073831 -0.17391817887004243 -0.30276652423251876 0.15935980984433323 0.70724385508482257 -0.29948502464235632 -0.29948473598334785 -0.049503980106549453
ycomplex_d4 0.7300 random 4 0.57965757124588424 -0.32331748952417366 -0.2641723030666015 -0.50466674189008109 -0.307902033447775 0.15759523440656895 0.33926951495385277 -0.015609327393825903 -0.67134752980370993
ycomplex_d16 1.5500 random 16 0.15273010694056841 -0.21314418704130758 -0.034040045785341526 0.1798307903330475 0.15173736252548586 0.063782056558408171 -0.13534708148267499 -0.17675199422963547 -0.16341390293522937 -0.23189957403613115 -0.131502657267209 -0.22253631414831079 -0.10162298025480576 0.03063180878939567 0.17728707827507231 0.11277200120381205 -0.071308135533795447 -0.10436365004597534 0.32471551566425405 -0.068064869817300241 0.24808732055737368 -0.011920708944142547 0.052984528537016198 -0.14853553852516499 0.20791868375996625 0.05823727212657747 -0.26452516171861495 0.0017999152256164956 0.19389092229309599 0.15533127506061811 -0.24738509527122798 0.40774191024373868 -6.8809942965485655
ycomplex_d16 1.5500 random 16 -0.15343729673902995 0.24294042764108881 -0.19867614870310735 0.0030777139246250603 -0.50593411745213601 -0.27555875273187153 0.043996845805082563 -0.038456861485368907 -0.15403045881419988 0.072043322851577912 0.17927197882701548 0.093333697987353484 -0.10414979722346354 -0.18909978987935497 0.0067158912012685954 -0.030174341123615729 0.13875346987890039 0.0035666693615568641 -0.091080505833637096 -0.15643370984671268 -0.069408092860774845 0.27711513039894592 -0.067965657841584953 -0.086460684740567645 -0.039031547055999434 -0.037194252923866938 0.044069950757997321 -0.091548609237019088 0.36400053100606078 0.1903243002181447 -0.30593316051753405 0.063477743395939076 -7.2016426790267012
ycomplex_d16 1.5500 random 16 -0.33383024559439467 0.073822936348350424 0.1606887253706212 0.086436985584322251 0.26300211527060158 0.15710101197631929 -0.14637520619317831 0.021421175552885276 -0.13454892048628236 0.063243805772204939 -0.0072620427929689898 -0.059401612359127998 0.24189780662494764 -0.036088803482190721 -0.13067060386850643 0.096285509704542249 0.1285480116037572 -0.14237279876586059 0.12339932792630376 0.17861338798737997 -0.089762435679760458 -0.22013996586583337 -0.24027699714972331 -0.079643441074246701 -0.1089417672932454 0.178468076741017 -0.3605384334115958 0.057167187427349803 -0.13837728069735944 -0.19923750514457916 0.34535751644020452 0.25024416382870923 -7.066904514919278
ycomplex_d16 1.5500 random 16 -0.0708857908494121 0.11814892127349212 0.078528867720299475 -0.21057616814141938 0.027716589247008525 -0.023337481692641913 -0.017044515520752992 -0.31165637569957266 0.059364143243485629 -0.019443843908281272 0.23558758935741236 -0.11073194670795029 -0.086288063524915637 0.073721044905031299 -0.059525593981447265 0.37843328079842187 0.35942066893604246 0.10959482730185245 -0.089423638173052336 -0.05278789545219513 0.14884821603948503 -0.24357188143598643 0.16278670285930394 0.084812800461138413 0.2135322261555099 -0.06426959275446463 0.076469346678010627 -0.13616081025470081 0.058269466576814699 0.19948030744799194 0.19253865494999339 0.42302153681042981 -7.1425285044399018
ycomplex_d16 1.5500 random 16 -0.042061238321466306 0.15205685311446823 0.06825232834774303 -0.26037811834644253 -0.083250452453800791 -0.35152340578868818 -0.27910542401487132 0.042752067574319527 -0.17879636791535125 -0.091431948179474337 0.094941808853260964 0.22120281113603035 -0.019776087827691732 -0.27141105460104847 -0.43750065373036251 0.16108299428343631 -0.024946463675124538 -0.0028253963768508062 -0.18986851147994341 0.0088780847232120836 0.026541945388924681 -0.21482330454275508 -0.089681460177261613 0.1303737087382244 -0.013900974093761934 -0.10497888917483791 -0.1653171263777185 0.20453666068741932 0.25172685887483193 0.15050860129449636 -0.14774884505182556 0.076581791382745082 -7.3793499681802794
